itolid	Proteobacteria	Planctomycetota	Verrucomicrobiota	Firmicutes	Actinobacteriota	Desulfobacterota	Bacteroidota	Cyanobacteria	Fusobacteriota
Antidorcas marsupialis	1	0	0	145	1	0	40	0	0
Bos javanicus	0	0	1	70	0	0	21	0	0
Budorcas taxicolor	1	0	4	78	0	1	70	0	0
Gazella spekei	1	0	6	131	2	0	32	0	0
Ovis ammon	0	0	1	194	306	0	34	1	0
Ovis canadensis	3	0	10	357	189	0	37	4	0
Ovis vignei	1	1	23	209	1	1	64	0	0
Giraffa camelopardalis reticulata	0	0	0	132	0	0	26	0	0
Okapia johnstoni	0	0	7	110	0	1	33	0	0
Babyrousa babyrussa	0	6	7	155	1	0	2	0	0
Potamochoerus porcus	0	0	2	129	0	0	15	0	0
Sus cebifons	0	0	4	104	4	0	26	0	0
Speothos venaticus	0	0	0	112	6	0	28	0	5
Acinonyx jubatus	12	0	0	110	10	0	1	0	3
Crocuta crocuta	7	0	0	69	8	0	5	0	0
Panthera leo	3410	0	114	137010	2629	258	33845	0	66833
Ailuropoda melanoleuca	0	0	0	563	1	0	0	0	0
Ailurus fulgens	850	0	0	295	0	0	0	0	0
Tremarctos ornatus	0	0	0	195	0	0	0	0	0
Ursus americanus	3	0	0	149	0	0	0	0	0
Ursus maritimus	116	0	0	248	1	0	0	0	121
Carollia perspicillata	2	1	0	266	1	0	2	0	0
Pteropus giganteus	44	0	2	64	8	0	14	0	0
Procavia capensis	0	0	0	68	0	0	184	0	0
Atelerix albiventris	42	0	0	162	0	0	0	0	0
Oryctolagus cuniculus	6265	0	1936	144120	381	455	28595	8250	0
Equus asinus	2	0	39	71	3	1	34	0	0
Equus ferus	3	0	52	271	5	0	127	0	0
Equus grevyi	1	0	67	96	1	1	37	0	0
Equus hartmannae	159	0	0	26	25	0	18	0	0
Diceros bicornis	1	1	14	71	0	0	77	0	0
Rhinoceros unicornis	13374	797	8556	65449	1150	302	98679	73	136
Ateles geoffroyi	0	0	0	163	0	0	81	0	0
Callithrix geoffroyi	0	0	0	16	4	0	65	0	0
Callimico goeldii	0	0	0	37	1	0	12	0	0
Colobus angolensis	0	0	0	127	0	0	21	0	0
Colobus guereza	3	0	12	146	0	2	35	3	0
Papio hamadryas	0	0	2	265	0	0	60	2	0
Presbytis francoisis	43	1	2	206	0	0	110	0	0
Pygathrix nemaeus	40674	0	79	8529	860	0	11867	20	0
Gorilla gorilla	1025	5	4807	97211	4386	272	8703	684	2
Pan paniscus	0	0	0	66	6	0	14	0	0
Pan troglodytes	0	1	0	164	2	1	51	1	0
Pongo pygmaeus abelii	3	0	4	317	12	2	104	0	0
Eulemur macaco	2	0	0	49	1	0	14	0	0
Eulemur mongoz	0	0	0	184	3	0	93	0	0
Lemur catta	1	0	34	111	0	0	44	0	0
Pithecia pithecia	2	0	0	361	0	0	22	0	0
Elephas maximus	2	1	71	194	3	3	117	0	0
Loxodonta africana	81413	198	18078	183559	2544	489	155356	2083	59
Heterocephalus glaber	29	0	0	130	15	0	84	1	0
Hydrochaeris hydrochaeris	8	0	5	29	0	0	105	6	0
Callosciurus prevosti	2	0	0	185	1	1	33	0	0
Tolypeutes matacus	1	0	2	282	34	0	3	0	1
Macropus rufus	4	0	34	179	0	1	54	0	0
Tachyglossus aculeatus	19585	44	917	93986	5488	104	8181	60	518
Rhinecanthus aculeatus	112971	97959	33710	17415	13060	5326	11167	32849	227
Cephalopholis argus	72507	14492	4429	99607	1763	1581	11250	2794	4634
Chaetodon auriga	22847	743	866	33370	7972	96	1407	1024	165
Myripristis berndti	2172	27	0	30911	207	0	1585	29	856
Aulostomus chinensis	15404	778	613	24576	8242	574	1915	509	335
Dascyllus flavicaudus	48281	22865	6744	111081	16264	1961	2987	2744	1902
Epibulus insidiator	74851	13602	4751	39754	9122	3654	8874	1656	11270
Naso lituratus	12429	212	16166	98848	806	10258	67768	4655	1103
Epinephelus merra	37276	1737	1466	177778	373	1438	9393	2212	3482
Chaetodon ornatissimus	14371	328	10204	145712	2726	12977	57120	899	2769
Chaetodon reticulatus	11594	945	7370	124595	2462	18628	57269	1173	2746
Zebrasoma scopas	39577	127	13869	204182	1000	16336	113798	559	6442
Abudefduf sexfasciatus	78695	27642	9129	53086	18006	2391	6022	8086	8481
Chlorurus spilurus	167385	49891	11889	37657	6653	3718	12205	20496	5288
Sargocentron spiniferum	32623	2623	671	116242	2971	1036	3887	148	5941
Ctenochaetus striatus	118072	88788	26124	57568	8319	5741	21133	25487	3340
Halichoeres trimaculatus	85724	69996	18070	16222	15872	7635	8121	23606	838
Cephalopholis urodeta	52278	91	363	46063	4573	26500	1806	256	3190
Myripristis violacea	24089	442	123	105996	3843	1160	6125	462	7559
Castor fiber	1754	0	4392	21558	791	145	43027	37	20277
Equus caballus	54505	97	22819	185909	2637	1175	158146	1400	45
Equus hemionus	851	215	36898	151742	1646	969	121267	1266	49
Vulpes vulpes	2339	0	0	48884	1217	9	15242	0	133046
Nyctalus noctula	103051	0	0	1635	32	0	43	0	6
Erinaceus europaeus	58095	0	73	44699	308	10	1433	0	69610
Falco tinnunculus	19054	0	0	1706	22	0	3	0	0
Sus scrofa	15631	617	17948	394817	6621	1660	158378	1698	16226
Rupicapra rupicapra	577	117	3432	144074	869	64	67536	312	30
Canis aureus	3710	0	0	15821	65	3	4506	0	66404
Marmota marmota	414	14	7223	171195	942	0	33485	724	10
Capra ibex	1483	265	4944	182298	349	569	96959	895	11
Capra hircus	79483	71	1911	97411	6646	312	31378	439	15
Bos frontalis	20424	25	1124	164968	1165	473	39350	390	9
Cervus unicolor	17005	43	667	171687	320	102	16998	260	0
Bos taurus	3824	14	3490	151789	253	479	49223	910	10
Apodemus sylvaticus	1517	0	0	46385	11	230	4848	9	4
Ardea cinerea	5746	3	0	80155	469	0	0	0	12
Haliaeetus albicilla	45392	0	0	64522	269	0	533	0	4300
Phalacrocorax carbo	16051	0	0	52734	4312	0	532	0	1030
Carduelis chloris	12277	3	0	22020	125	0	66	0	0
Salvelinus fontinalis	8214	0	0	848	0	0	2	0	2565
Hemidactylus frenatus	1800	0	6	5575	4392	231	234	0	194
Homo sapiens	4321	0	801	177892	4144	329	138759	388	24
Ursus arctos	25041	18	32	132715	39	8	153	0	183
Zamenis longissimus	59260	11	32	11945	480	28	25347	0	120
Podarcis siculus	51454	0	207	3186	206	229	7609	4	10
Cricetus cricetus	853	0	5	48124	2159	781	84242	1337	19
Lynx lynx	4932	0	60	161095	3984	0	3082	0	8760
Sander lucioperca	130	0	0	20503	0	0	0	0	0
Turdus merula	17067	0	448	27945	666	214	9764	0	196
Ciconia ciconia	1962	0	0	66829	23	0	0	0	0
Corvus frugilegus	14690	68	4	1790	938	0	145	0	11
Macropus fuliginosus	10991	143	11797	133875	1980	285	21098	462	32
Vespadelus baverstocki	5565	3	2	41438	394	82	52	0	12
Phascolarctos cinereus	73413	379	23	33978	1380	2699	16691	1860	0
Chrysococcyx basalis	520	0	18374	17368	2763	5	17293	27	0
Martes foina	2114	0	0	6105	0	0	0	0	0
Lepus europaeus	2254	0	7444	217331	1919	3398	194838	637	40
Anser anser	6026	0	0	61127	485	0	324	0	32
Blicca bjoerkna	104137	407	1336	9457	983	199	357	125	21511
Halichoerus grypus	7396	4	12	31711	114	0	31	0	66567
Phoca vitulina	613	0	0	53792	357	0	462	0	15
Mesoplodon bidens	10987	0	0	64755	0	0	4	0	0
Lagenorhynchus albirostris	44912	0	0	49804	10	0	9	0	32461
Bufo viridis	2321	0	0	9192	161	0	255	0	86
Rana dalmatina	20809	0	0	9063	280	3	818	25	11
Odocoileus virginianus	220	55	2065	40613	375	0	21237	56	0
Philander opossum	407	0	4	7465	21	148	56885	4	3
Heteromys desmarestianus	533	0	8	20465	66	266	24992	9	0
Martes martes	5252	0	0	2013	2	0	3	0	122
Spermophilus citellus	1155	0	2321	282943	2985	28	52444	2847	54
Crocodylus moreletii	4315	0	5	60670	9	3	33074	0	52510
Acrocephalus scirpaceus	571	0	3	34233	894	0	83	7	68
Papio ursinus	992	0	1473	127555	95	268	16011	1500	6
Crocodylus niloticus	32814	3	122	50412	124	56	3209	43	6817
Aepyceros melampus	2921	208	575	247027	684	77	6094	262	16
Panthera pardus	765	0	0	100464	4187	0	2825	0	11894
Chlorocebus pygerythrus	14650	0	2173	177510	1775	553	21115	1736	8
Ceratotherium simum	416	175	13724	125680	586	339	83827	193	26
Giraffa camelopardalis	10638	210	3494	325940	740	1988	112115	2821	31
Syncerus caffer	950	0	50	116929	68	109	22743	3	0
Hippopotamus amphibius	4370	0	207	261299	845	12	18012	20	68
Equus quagga	8559	163	14696	239300	2096	581	64005	2285	0
Procyon lotor	25755	0	4	151596	146	0	3124	0	28800
Camelus bactrianus	554	87	10653	49651	47	877	25013	877	0
Calidris alpina	802	2	3	5938	11	16	73	7	3366
Canis lupus	4469	8	4	286736	7849	0	57407	0	37987
Eliomys quercinus	250	0	0	98187	316	0	9	0	13
Glis glis	59039	11	4	31750	93	0	1077	0	29
Vipera ursinii	168033	45	1674	73320	801	1830	72454	481	2553
Sciurus vulgaris	53	0	0	2334	8	3	4427	0	0
Bufo bufo	27777	52	22280	112380	864	6327	52684	0	220
Aspius aspius	822	25	13	12484	23	44	9	0	13729
Mus musculus	146	0	0	17006	21	47	42048	2	9
Asio otus	681	0	70	14548	1606	62	2713	0	63
Crocidura suaveolens	54543	6	47	691	465	0	10	0	0
Cyprinus carpio	23697	0	3	7153	21	77	97	3	780
Lagopus muta	900	0	0	57380	5453	537	1766	15	34
Nomascus gabriellae	1662	0	52	38752	840	35	55076	348	46
Parus major	6894	310	96	32348	2052	5440	4947	0	397
Nyctereutes procyonoides	1348	0	8	71918	2785	662	3118	195	3878
Cervus elaphus	12325	577	11806	850870	1166	1528	311212	10309	149
Apodemus flavicollis	1399	0	246	37307	167	2170	45884	86	16
Felis catus	11221	0	6	187848	9831	44	74941	0	4289
Corvus corone	1708	0	0	22695	0	0	7	0	0
Nycticebus pygmaeus	10308	0	96	22098	4972	232	46373	281	932
Trachypithecus hatinhensis	17898	158	825	48429	352	841	2975	141	7
Trachypithecus delacouri	19452	115	359	67729	68	1509	7627	60	15
Nomascus siki	19439	0	0	37774	2854	57	16326	8	18
Testudo hermanni	304	78	19	30799	1315	73	3412	0	1694
Circus aeruginosus	26496	0	0	3268	0	0	11	0	42587
Branta leucopsis	109895	0	10	54470	1813	0	246	0	18
Trichosurus vulpecula	431	0	533	131955	15	239	2491	4346	7
Macropus giganteus	11767	91	7279	82266	31167	45	18946	248	608
Dromaius novaehollandiae	75008	3	46	14935	440	0	2446	41	0
Gallus gallus	555	0	0	58059	339	23	28	0	7
Carassius gibelio	26906	526	905	12007	1239	203	367	155	3411
Meleagris gallopavo	3570	0	11	85981	467	0	24	0	0
Leuciscus idus	8283	10	20	9129	405	266	888	5	47309
Phocoena phocoena	2340	0	3	28342	72	0	420	0	31641
Balaenoptera borealis	627	0	132	23391	98	711	54016	19	122
Anas platyrhynchos	2925	0	2	76934	553	6	198	0	522
Manis temminckii	62505	0	6	4426	17	0	18	0	16
Lissotriton vulgaris	4533	88	202	61	301	47	2502	0	0
Natrix natrix	51292	33	66	3593	3692	0	6275	2	1996
Potos flavus	22920	2	31	3526	26	0	76	0	185
Choloepus hoffmanni	4285	0	42970	55924	19209	237	37386	422	97
Tamandua mexicana	58386	7	4337	54364	339	96	31704	6	12466
Bradypus variegatus	2718	220	18634	65152	915	211	11471	233	15
Lepus tolai	186	0	3	65306	2227	118	8686	0	25
Gazella subgutturosa	448	35	1315	49202	160	214	11994	501	11
Strix uralensis	26259	0	0	45550	3160	0	4965	0	10
Dendrocopos major	22237	0	0	74822	45	0	65	0	0
Caprimulgus europaeus	34836	0	0	28855	9	0	16	0	9
Capreolus capreolus	993	0	93	63368	198	18	35564	707	17
Lutra lutra	967	0	0	77300	21	18	1429	41	10
Tringa glareola	89980	0	3	150	0	0	10	0	17
Esox lucius	58644	5	6	37725	11	0	7079	14	73959
Dama dama	1113	127	999	152980	405	638	48615	537	41
Ovis aries	374	22	513	56875	167	233	23001	608	0
Porites lobata	186009	237	175	51	36	48	2360	685	93
Pocillopora elegans	183608	293	228	21	90	149	3019	9627	168
Acropora hyacinthus	39601	817	1547	33	129	140	5694	3405	91
Stegastes nigricans	134862	47704	16916	22092	6293	7938	24874	13554	12723
